id,category_0,category_1,category_2,category_3
0,0.049360966481848435,0.0001918805385206268,0.9245696077311625,0.025877545248468855
1,9.122773519565087e-08,6.212405314540868e-08,7.800681745270383e-08,0.9999997686413942
2,0.011661623585083892,0.004675011918751822,0.016819725810987004,0.9668436386851769
3,0.314054139957941,0.28191961338049865,0.05166651927438058,0.3523597273871801
4,0.07207548068819375,0.003417534264567204,0.009720356177109207,0.91478662887013
5,0.046359480518544154,0.0021878317473249444,0.055889592921810574,0.8955630948123204
6,0.0047262086756256535,2.9964200076802968e-05,0.0034684564360562163,0.9917753706882413
7,0.018873125728733602,0.006627225900826965,0.04667240152790713,0.9278272468425323
8,0.2634390812524734,0.0033656541861934756,0.07138490659123799,0.6618103579700954
9,0.10307012806987555,0.010596558563029882,0.39388060274051906,0.4924527106265755
10,0.000651840136136673,0.00018286836955339256,0.022519969569199078,0.9766453219251107
11,5.099117059812932e-06,1.2384072696466638e-06,0.0014977533186425252,0.998495909157028
12,0.0006960781704943825,2.159525033226004e-06,0.06536260563100478,0.9339391566734676
13,0.03694984703835626,0.009892774027958079,0.06955200467300189,0.883605374260684
14,0.07692754206161723,0.00010684359063821209,0.005673542474023167,0.9172920718737212
15,0.049130914187585,0.009140640111552507,0.2867406997506394,0.6549877459502229
16,0.0010302708502220855,5.687327127728576e-05,0.007991584714187587,0.990921271164313
17,0.0002672542118709064,3.1981135341286136e-05,0.0013199826032938657,0.9983807820494942
18,0.40300406247799925,0.03415785849184782,0.03626593444429656,0.5265721445858564
19,0.0058457887787275445,0.0006638777759272183,0.2100734284860242,0.7834169049593211
20,0.0019429146012778073,0.0005643279198515869,0.39820593145513655,0.5992868260237338
21,0.00108137031306513,0.0008423913186809391,0.0358214891836954,0.9622547491845587
22,0.0005611216823737964,0.00010096364101330804,0.011672759833977996,0.9876651548426351
23,0.06126474417450376,0.0023772284968782927,0.6197139220658597,0.3166441052627584
24,0.2504865311305453,0.0034219094336144043,0.4884984343231838,0.2575931251126563
25,0.0548864209740756,0.0033051016801297906,0.04328465636725574,0.8985238209785391
26,0.16396922695675725,0.8181249299699179,0.01249014103964183,0.005415702033683006
27,0.012900445253145562,0.9405567047973693,0.004387757746588687,0.04215509220289675
28,0.03812214341404506,0.9415929888200615,0.006291608604902806,0.013993259160990453
29,0.00690458403749221,0.991892406958076,0.0004960309265830288,0.0007069780778486193
30,0.0029502170064479084,0.9935238563444013,0.0011100436467905183,0.0024158830023604744
31,0.056560566220531856,0.9409420891595545,0.0003546292504102621,0.0021427153695032417
32,0.9986087591822544,0.0006687641509845854,6.011088347505489e-05,0.0006623657832858969
33,0.9732449942283025,0.009340035885691907,0.0005697760004116957,0.016845193885593746
34,0.9846512597719733,0.0012433935508330358,0.011254187107745693,0.002851159569448012
35,0.8887100202389703,0.018965225210302677,0.0348438036688044,0.057480950881922385
36,0.2642998457762939,0.0013665242847402843,0.6829285518088206,0.05140507813014535
37,0.9310907928373142,0.013567939001419704,0.004598742617705021,0.0507425255435611
38,0.9995295770273676,3.5067273673793786e-05,0.00022618858830809278,0.00020916711065088398
39,0.9993862940722367,2.80592346077957e-05,5.385198978413163e-05,0.0005317947033713546
40,0.001027960340344618,0.9986774490726176,8.022679038492985e-06,0.00028656790799931093
41,0.2283099739460216,0.008270193082776392,0.34650738367212564,0.4169124492990761
42,0.908395945226406,0.0024449644546675913,0.006343035758113179,0.08281605456081337
43,0.0017028383147133358,0.00020301066107847681,0.021779544310441823,0.9763146067137666
44,0.0014412310612941207,0.9985108454233008,1.5551323696657833e-06,4.636838303527847e-05
45,4.536037015120533e-07,0.9999939170475473,3.6620227853281934e-07,5.263146472585071e-06
46,0.9116871432372076,0.0020895658723817548,0.027522342467715837,0.05870094842269471
47,0.007345243739429226,5.41247738023811e-05,0.12669975797769806,0.8659008735090705
48,0.9815033061980851,0.001829015530071216,0.004992303804403663,0.01167537446743994
49,0.0013595689578595647,0.997936322106262,0.0005068626765316952,0.000197246259346725
50,0.8929693597884135,0.00026733558418971033,0.07423141977319697,0.03253188485419997
51,0.0026352723681571,0.9970317149360793,0.000167986778292628,0.00016502591747079488
52,0.9983344727663523,6.396390617497784e-06,0.00043242974079342597,0.0012267011022368004
53,0.0017280887112747282,0.00030306467879028193,0.13669126131705958,0.8612775852928751
54,0.0030678198783496064,8.86595411699104e-06,0.9961190051437566,0.0008043090237766727
55,0.020312128375569838,0.09069067433077707,0.06729706559155767,0.8217001317020955
56,0.4023648481230731,0.0018043630952122261,0.5362028675654124,0.05962792121630227
57,0.9987544151489262,1.3546602940824643e-05,0.00020932366024032422,0.0010227145878928955
58,0.004900787338458855,0.00017117677503398088,0.9941101016218409,0.0008179342646661971
59,0.004917226206124315,8.099645847828537e-05,0.9937463348959273,0.0012554424394698696
60,5.560263620906689e-07,0.9999980198178307,7.423660975059302e-07,6.817897096579988e-07
61,0.7207586914828102,0.23808021750783312,0.023864606609514928,0.017296484399841987
62,0.004069405646603458,0.9954304847741349,3.757837547465264e-05,0.0004625312037869814
63,0.0008122186248484299,0.0002783810160250342,0.01767022150374268,0.9812391788553837
64,0.9950150001137055,1.163766334839969e-05,0.0005529718458124174,0.0044203903771338135
65,0.06469113429661302,0.0027783955752028024,0.11487435324254197,0.8176561168856421
66,0.9688708437851286,0.0004338332298670404,0.01241422709374345,0.01828109589126072
67,0.9868132566574112,0.008422712678745987,0.0028036413405702833,0.0019603893232724586
68,9.440072979947264e-07,0.9996911863917897,3.18573939402993e-05,0.0002760122069719827
69,0.9960243655089505,0.0030600224136628877,2.9674104367458348e-05,0.0008859379730192654
70,0.0030478608910548223,1.5281921530566254e-05,0.03869014384181054,0.9582467133456037
71,0.0017527680398113112,3.094487980168892e-05,0.022976678410719233,0.9752396086696677
72,7.516460422690188e-07,6.19118273640901e-07,3.796133668152797e-07,0.9999982496223172
73,0.8769697000213116,0.0031653630480695948,0.08696228005726543,0.03290265687335355
74,0.09516330212343477,0.0001131944836766923,0.002797690764652181,0.9019258126282362
75,0.04487010075995712,0.9532573006783525,0.00030062657950951976,0.001571971982180885
76,0.996505672458122,4.079088183877083e-05,0.0014995772631693739,0.0019539593968698784
77,0.018476040406911698,0.968561157349248,0.009218626985080452,0.0037441752587600453
78,0.9979134335674293,0.00020190782389852758,0.00021906667210592345,0.001665591936566235
79,0.0073649464030228,0.9911354480535107,0.000985769878100029,0.000513835665366312
80,0.8466493013464317,0.0020935296790383024,0.017702657854681704,0.13355451111984845
81,0.11131130092736362,0.570719904069916,0.16027554010991593,0.15769325489280428
82,0.02684719895039237,0.00010883116142058876,0.967912593602753,0.005131376285433916
83,0.0015321259865628272,8.403958473654383e-05,0.012885537612844762,0.985498296815856
84,0.7987961950601912,0.016002004518767144,0.17524333692823127,0.009958463492810187
85,0.9997959333158952,7.079903177203582e-07,0.00012984513050916325,7.351356327790468e-05
86,0.011893556318535855,0.0003082942043002029,0.9811946828205218,0.006603466656642035
87,0.9831408583013336,0.013462207121091188,6.39689795362079e-05,0.003332965598038979
88,0.9657639692409795,0.021624671127730047,0.006829896159374914,0.0057814634719156426
89,0.003212618988588882,0.00010719316187391343,0.16477663076972227,0.8319035570798149
90,0.9898242889412484,0.00020332586448539806,0.006377789357450327,0.003594595836815755
91,0.00958042466582144,0.0020160102013734673,0.921392966127908,0.0670105990048971
92,0.000432723662062958,7.133949340050378e-05,0.014398493649871813,0.9850974431946646
93,1.9862545463041105e-07,6.67133014966625e-08,0.9997973982516468,0.00020233640959696
94,0.018844585427765032,0.9546540398704291,0.022549769470413452,0.003951605231392704
95,0.0017112448570035,0.9980424188256866,0.00013149855009801488,0.0001148377672116109
96,0.0018845055805491743,0.9980680859433568,9.258222332260961e-06,3.815025376186802e-05
97,6.762385381596713e-07,2.605851976731921e-07,0.9997398309669175,0.0002592322093466421
98,0.9759163280250183,0.005774603636318804,0.008260233320863836,0.010048835017799547
99,0.004458667031095579,3.144894263859699e-05,0.9823822540526771,0.013127629973588762
100,0.2897240747112098,0.7038612546869565,0.005130802294565646,0.0012838683072677502
101,0.0015821262687651574,4.89081996197883e-05,0.9867731897309207,0.011595775800694626
102,0.13545533431816667,0.0018661735465484762,0.14705543700657833,0.7156230551287064
103,0.06485095589870983,0.015890906460200204,0.6873129020134555,0.23194523562763464
104,0.9138545519010961,0.043547753513470094,0.03546997717804607,0.007127717407387823
105,0.002624262067525062,0.996730425796119,3.2086041606303036e-05,0.0006132260947497371
106,0.9712831730005793,0.0013317731478293229,0.017901554300723203,0.009483499550868177
107,0.409150113194597,0.5820612462666273,0.00591858796472878,0.0028700525740467295
108,0.9998281475062062,1.2866940195970078e-05,4.259978918594927e-05,0.0001163857644118775
109,0.018832860719395175,0.014156065324726687,0.14777465570854414,0.8192364182473338
110,0.0016552045833213899,0.00011461138158395027,0.2131563176664209,0.7850738663686738
111,0.007605045136597845,0.0002439355485942737,0.6789596552319461,0.31319136408286197
112,3.517541176331009e-05,2.815669022490788e-05,0.007147181723886573,0.9927894861741254
113,0.0014668448238504986,0.0001611030297951057,0.009541938061988187,0.988830114084366
114,0.0002887929108951351,1.0759970877602998e-05,0.0010264672813428781,0.9986739798368847
115,0.04438572736230176,0.8120517250686157,0.05858389710546155,0.08497865046362092
116,0.001538371316368777,0.00011495911081592777,0.06809546665060628,0.930251202922209
117,0.06148385498631124,0.058593589126075644,0.07724553459113326,0.8026770212964798
118,0.0014204800638905998,2.2504061960146652e-05,0.984183834671425,0.014373181202724284
119,0.06911866788067733,0.6190495878373719,0.16187990950405579,0.1499518347778949
120,0.013885315536651434,0.0038157157219532675,0.9788354657565825,0.0034635029848126067
121,1.169136002817773e-06,0.9995254048383918,1.5150641980876114e-05,0.0004582753836245983
122,0.004527871555088729,0.006650728358015707,0.11204058213593579,0.8767808179509596
123,0.9680210038660555,0.00015823744041937034,0.006586380810552842,0.025234377882972225
124,0.0002652214333750432,1.022904786345278e-05,0.0014512532121289802,0.9982732963066329
125,0.09381933499508956,0.11586019376708269,0.6181324654125884,0.1721880058252396
126,0.9262637176740406,0.058772801071975564,0.004029897710825272,0.010933583543158817
127,0.0008311786853243593,0.9985497187918458,0.00028948078231520925,0.0003296217405145588
128,6.529041755599729e-07,0.9999945632147287,4.149149597399281e-06,6.34731498344161e-07
129,0.9960363333543494,0.001297966487819003,0.002169985973961958,0.0004957141838695974
130,0.9064407816848926,0.045971733048853144,0.024674101879530397,0.02291338338672364
131,0.9962411612518288,8.705150394628914e-05,0.0003978430239313754,0.0032739442202935447
132,0.0014197853867125828,0.9980031602640766,0.00021291746323523635,0.000364136885975389
133,0.9289940029808731,0.041277798472886706,0.0010438681083950476,0.028684330437845178
134,0.010133251280339097,0.9871794987395315,0.00024840895579845724,0.0024388410243311545
135,0.04725442810458387,0.9495638675848487,0.0017780920288861775,0.001403612281681273
136,0.9703196402296106,0.010112068120684391,0.011355674284250843,0.008212617365454141
137,0.0402567977496432,0.9590805394907352,4.3656509278521275e-05,0.0006190062503430719
138,0.0031801458655528474,0.9968083620280461,6.687544191451847e-06,4.804562209660695e-06
139,0.592207415771189,0.0025514887429201752,0.37709983600099617,0.028141259484894914
140,0.009935070364429326,0.9884456128819675,1.532235517786971e-05,0.001603994398425315
141,0.7661902501894531,0.0006982061747731179,0.0881062177484539,0.14500532588732015
142,0.013484411323816373,0.9856802413373814,0.0006763397705471419,0.0001590075682548781
143,0.9093380914843341,0.00036772776710733933,0.07193878140327445,0.01835539934528389
144,0.9930546093336242,0.002228930396205395,0.0027584816280470984,0.0019579786421232313
145,0.9727059686248084,0.008133132364819043,0.00944433370511882,0.009716565305253775
146,0.15767058340326062,0.7745110717686792,0.019474761251262775,0.04834358357679718
147,0.009120180083897225,4.489712480939784e-05,0.9870619791065866,0.0037729436847066637
148,0.026837278808510563,0.969363395984524,0.00036065430222495114,0.0034386709047402285
149,0.025871277938726556,0.9732990684617143,0.00028375599802405425,0.0005458976015352717
150,0.009515430876887445,0.9881350719930477,0.0007546454747141153,0.0015948516553506236
151,0.8937905676964834,0.05066364517799899,0.020499458598149427,0.03504632852736828
152,0.011866137267059696,0.9876844501920569,0.00016754585379242246,0.00028186668709136425
153,0.9976214793538966,3.6536736994369295e-06,0.0006510595161416936,0.0017238074562625427
154,0.09041242583272079,0.0020301350764065306,0.8341951281466944,0.07336231094417851
155,0.1632434010752825,0.004274545124085184,0.1988762263994343,0.6336058274011981
156,0.01605014460664853,0.0002547282178482752,0.9767856055898848,0.006909521585618608
157,0.004010008649366059,0.9952888109175707,6.392478820240823e-05,0.0006372556448605483
158,0.02439967013409831,0.9746423236799753,0.0003272568381512223,0.0006307493477753924
159,0.9992175550806536,0.00015190203568248283,1.658660843620653e-05,0.0006139562752276082
160,0.014429514894273998,0.9831075576727214,0.0014697398250039253,0.0009931876080007138
161,0.017655064691910548,9.259695761211644e-05,0.957232456577913,0.02501988177256432
162,0.0022652663388261604,0.00018490309520483662,0.10852297870633998,0.8890268518596293
163,0.9980980716225943,1.1891244052189238e-05,0.0016102472126696757,0.00027978992068399715
164,0.9512283120946944,0.0030490209505475755,0.017639725540915144,0.028082941413843113
165,0.01109420040484651,8.87921051262299e-05,0.9657480247000201,0.023068982790007218
166,0.007342821608332384,0.00012772574457909968,0.9906852103526946,0.0018442422943938496
167,0.001311957055008471,0.00013576223212108209,0.9370731196995146,0.06147916101335563
168,0.007492551980827055,0.9917179943804078,0.00015394827179899263,0.0006355053669666695
169,0.9968967356660414,6.663809460363415e-05,0.001717861901078341,0.0013187643382768632
170,0.045223047150627846,0.03531876632986211,0.04775466474907933,0.8717035217704308
171,0.027503244006805254,0.014385520218860774,0.04068228035411552,0.9174289554202183
172,0.013502186447714025,0.00013736100452974937,0.35367365507550497,0.6326867974722515
173,0.0035400657794312906,0.0009325102172142907,0.5985771910092541,0.39695023299410054
174,0.9917921994220357,0.0003074138607367355,0.003343305188805269,0.004557081528422433
175,0.781312903631166,0.003558358397222142,0.0843933184198651,0.1307354195517466
176,0.001938737036356689,0.003898828646372362,0.07767263108866183,0.9164898032286092
177,0.01385288213737516,0.9852944157976067,0.0006873053638076691,0.00016539670121004288
178,0.012533701800909663,0.004763192504433265,0.12366932958473507,0.859033776109922
179,0.0020286713133849115,0.9979628198844365,3.8266019088766694e-06,4.682200269790072e-06
180,0.0042867284163448476,1.2229719512594554e-05,0.9945622560436107,0.0011387858205317031
181,2.054393841488055e-07,0.9999842884816389,7.17418420375352e-06,8.331894773193686e-06
182,0.006140529203264655,0.9918100461068727,0.00015195034565279115,0.0018974743442097442
183,0.1367863814667838,0.007642240756346346,0.33234567123341324,0.5232257065434567
184,0.009614196792229987,5.5477520445838746e-05,0.9864297351431778,0.0039005905441462907
185,0.9759483660367289,0.002744491711386381,0.017858179290285048,0.0034489629615995616
186,2.3795955962717313e-06,1.7321242196329576e-06,1.9016601031777341e-06,0.9999939866200809
187,0.9266923100376793,0.044765299551488974,0.02052522236824498,0.008017168042586417
188,0.15152419569721526,0.7419157423799091,0.046166519596675254,0.06039354232620037
189,0.004366868297122803,0.0005391835489837492,0.07265421085013575,0.9224397373037578
190,0.0009098784438136323,4.7603446799515054e-05,0.0016268515724500944,0.9974156665369367
191,0.9974164626790868,0.00013858221790846273,0.0008535280291908959,0.0015914270738138718
192,0.9998971466491098,9.917290010466036e-08,6.737916413062656e-05,3.5375013859494924e-05
193,0.9949402648653797,7.486482476250278e-05,0.003299204874808128,0.001685665435049859
194,0.001096373740886617,2.342438259119346e-05,0.9986672192268565,0.00021298264966555745
195,0.13712380150305029,0.0003376056838315159,0.8309197492313655,0.031618843581752765
196,0.5482644878997546,0.005981602217258468,0.3891282377188493,0.05662567216413775
197,0.0012510710195769807,0.9987021860871151,3.8333120406329134e-05,8.409772901524513e-06
198,0.0011690403468833672,4.204513189586686e-05,0.9985730518047878,0.00021586271643282676
199,0.04082630483561876,0.9575468251683519,0.00024394314503295954,0.0013829268509965107
200,0.04243947922371867,0.003861830564373061,0.15147388017554056,0.8022248100363676
201,0.006743419080058525,1.7981083093962195e-05,0.030953918114783884,0.9622846817220633
202,0.002388111430418911,2.7340085754544374e-05,0.004796147077224674,0.9927884014066019
203,0.9992923986718575,6.546609274044629e-05,0.0002645163182184811,0.00037761891718371307
204,0.007649511897107727,0.9919953693182001,6.156387669564148e-05,0.00029355490799659546
205,0.04133316678316576,0.9563681797129523,0.0011356180620292313,0.0011630354418528629
206,0.3044816763179919,0.6275380226169315,0.04181651940881141,0.026163781656265168
207,0.0019107903143846937,0.0006810475306749418,0.8352648754772065,0.16214328667773364
208,0.24322981414804964,0.7354962384670368,0.014258115475639134,0.007015831909274269
209,0.030482522252294673,0.0035708468901615924,0.05944994686761949,0.9064966839899243
210,0.0061056172794880246,0.9935008711280916,0.0001927849776620206,0.00020072661475821146
211,0.8793307648245884,0.042411129146261946,0.06403369857255721,0.014224407456592382
212,8.937236879321322e-07,0.9998577249915289,2.6680735704748373e-06,0.00013871321121263324
213,0.16926556568880935,0.8257136374589997,0.0020080003516751497,0.0030127965005157975
214,0.04492448903927544,0.9396588754664539,0.013270155298444188,0.0021464801958265326
215,0.07095170541560386,0.025228187646192366,0.5532950687560132,0.35052503818219066
216,6.287947427243292e-07,3.2347488798384144e-07,0.9992924156187855,0.0007066321115837018
217,0.01347638594577007,0.005630091276119925,0.947308648004737,0.03358487477337323
218,0.02751892433160836,0.0014774294008515411,0.42259581875892155,0.5484078275086185
219,5.658538019554777e-07,0.9999310942976318,3.311571211155812e-05,3.522413645475012e-05
220,1.6380915987148005e-08,0.9999979935505016,1.846726739191921e-06,1.433418431502632e-07
221,0.9840880321449389,0.0015782328083365387,0.011301456795971701,0.003032278250752895
222,0.15995710994482878,0.10915036319928516,0.4169348072201924,0.3139577196356935
223,0.05254603535323832,0.9468478093988144,0.0002069582739772057,0.0003991969739703149
224,1.1432589869497851e-05,7.5516673609320685e-06,0.9965287943772462,0.003452221365523331
225,0.032923772024302786,0.021528311759653234,0.8809950880182458,0.06455282819779823
226,0.9995903363086226,3.56056882943546e-06,5.998574821643583e-05,0.0003461173743315568
227,0.001970179335950242,0.9980040209367359,8.5424612531149e-06,1.7257266060794904e-05
228,0.012199171157369642,5.173459966796642e-05,0.9778701568790876,0.009878937363874652
229,0.993061159912066,0.00024715897654343475,0.003991321280129087,0.002700359831261644
230,0.017582538962063472,0.9810278832332728,0.0005385725348022782,0.0008510052698616949
231,0.038314832935862166,0.9466372284413828,0.0079245411997691,0.007123397422985917
232,0.05300405207118174,0.0005394135852819095,0.922104335029034,0.024352199314502
233,0.0005780165097109799,3.796967466383079e-05,0.0033181217596683107,0.9960658920559567
234,0.0745220254910999,0.026044551774251513,0.2728510392560245,0.626582383478624
235,0.006452984760893252,0.9922420981355569,8.926848303251553e-05,0.0012156486205175102
236,0.01727520078018302,0.00030649834620423075,0.977954810894304,0.004463489979308615
237,0.0028840843691106018,0.9953812137187416,0.0006296277537820987,0.0011050741583657321
238,0.9899959693551085,0.007038407485016605,0.000210125671547879,0.0027554974883271335
239,0.008898092365955476,0.0002124748976641816,0.9719499264228115,0.01893950631356895
240,0.006099415960083398,0.00010546606460269144,0.8672248188448045,0.1265702991305096
241,0.08322182242668795,0.89787626171,0.0129240596342062,0.005977856229105889
242,0.041589259312154486,0.9582507621452513,0.00012916568917998396,3.0812853414309784e-05
243,0.00027258122094370554,5.303622954888478e-05,0.01287971910385974,0.9867946634456477
244,0.004417596931629809,0.00013719669780373213,0.9836414079827578,0.011803798387809029
245,0.412392938443005,0.010623228597036708,0.4677177375066525,0.10926609545330569
246,0.0005446033817502268,0.0001243757586486457,0.018249029538840437,0.9810819913207608
247,0.01965689732687769,0.0004747604359168202,0.030865295126918522,0.949003047110287
248,0.1042444522754217,0.012655321694554918,0.6870179496566465,0.19608227637337677
249,0.991165428233873,0.00010548524799475418,0.004580172503675357,0.004148914014457128
250,0.014231820816687205,0.004639284302584337,0.9487707138053526,0.0323581810753757
251,0.9947441675971992,0.0010857101297387746,0.002653071946740057,0.0015170503263217262
252,0.14210766285392393,0.2474430008014191,0.14683495224320062,0.46361438410145644
253,0.01632320274951575,0.00012597191912828968,0.9737010334067748,0.009849791924580941
254,2.309025370298232e-06,1.118888217008536e-06,0.99934339002907,0.0006531820573424712
255,0.17480313516965612,0.00040151094261278334,0.01868116957722276,0.8061141843105083
256,5.690880978497864e-07,3.319808016859554e-07,0.9997805022468872,0.00021859668421321914
257,0.002414259598077808,0.00017563209383538017,0.005621736245510304,0.9917883720625763
258,0.035878162353387075,0.0006142828456604408,0.36562951440328717,0.5978780403976651
259,0.0027171354081472663,0.0004834413457737927,0.008327702657959271,0.9884717205881196
260,0.003258544641709662,0.9966050561641691,9.004729840348801e-05,4.6351895717849464e-05
261,0.9227742410273607,0.005725852607310265,0.010154364432346172,0.06134554193298266
262,0.07132548255725905,0.008907144277041102,0.1436777147468626,0.7760896584188371
263,0.002599768408336705,0.00043866928151714665,0.041762520984926145,0.9551990413252198
264,0.2531523033755372,0.04010529974302426,0.02058742861401104,0.6861549682674275
265,0.009919882933080154,3.7983484824834953e-06,0.00014416087697672583,0.9899321578414607
266,0.0022050297180488863,0.9977352663637394,2.3682774092562868e-05,3.6021144119163665e-05
267,0.0020566688991415843,0.000198074406159586,0.8895415538235227,0.1082037028711759
268,0.060970634019976495,0.9303646618175089,0.007908012391328129,0.0007566917711860871
269,0.09989991401750523,0.880145976298799,0.0007398594072990845,0.019214250276397015
270,0.001330920010127302,0.9983083511707451,3.29273238099838e-05,0.00032780149531776024
271,0.9946955317327605,0.0026055169456656872,0.0004966898760491213,0.002202261445524642
272,0.06796586787708776,0.005562376712234594,0.4972444750328257,0.4292272803778521
273,0.0018566978056123546,7.50190751953993e-05,0.007859354287425332,0.9902089288317671
274,0.015223369561121181,0.7580546495432482,0.08824123580601106,0.13848074508961966
275,4.939260171266993e-09,3.190805425202827e-09,1.6517920339319556e-09,0.9999999902181425
276,2.983620857711553e-07,2.400858281884538e-07,1.2475251012920445e-07,0.999999336799576
277,0.0063897602986819286,0.993230539004612,3.080036777435889e-05,0.0003489003289317656
278,0.08878501991859097,0.00026933533287253894,0.9089724274168136,0.001973217331722704
279,0.04212892206416636,0.005511458941043046,0.3551832962937221,0.5971763227010685
280,0.009359162983016374,0.004446417216710749,0.9028533769539511,0.08334104284632203
281,0.001254047065199968,0.9986844677828229,4.1847721427457684e-05,1.9637430549794688e-05
282,0.014950379325102108,0.9787069487479881,0.002806055552941661,0.0035366163739680755
283,0.0022688615985398367,2.4087748458925837e-05,0.0012627820167188182,0.9964442686362822
284,0.03683553618752702,0.8932543384884338,0.01901794577226043,0.050892179551778896
285,0.9999786369487185,3.40974933268953e-07,1.397883961899195e-05,7.043236729108834e-06
286,0.576454754008035,0.00043091832733032736,0.41963460990367,0.0034797177609645464
287,0.010999263511983229,0.0005712847971559495,0.9615202666876771,0.026909185003183664
288,0.32929067159973935,0.0002859826834690924,0.6530978420743311,0.0173255036424603
289,5.491754797935432e-08,0.9999984442281031,8.170706358596368e-07,6.837837130939349e-07
290,0.07376318026017055,0.9182462890147092,0.00387972800796875,0.00411080271715161
291,0.016528969852604398,0.006225269355486905,0.02957039164944523,0.9476753691424633
292,0.004447125645109439,7.72905474616841e-06,0.04356196049803265,0.9519831848021119
293,0.24099666533677072,0.0007813282788487839,0.09309053091898385,0.6651314754653967
294,0.031944203475923826,0.960935230143817,0.004463104469456161,0.0026574619108029646
295,0.20619855224539438,0.006671809363329854,0.7110332302406268,0.07609640815064869
296,0.9638838430703754,0.004200493301205653,0.011109744992997096,0.020805918635421704
297,0.0096220214760697,0.0001804469927202407,0.008541450373409223,0.9816560811578007
298,2.5851224291602196e-07,0.9999921376780482,5.9838262736344574e-06,1.6199834352550055e-06
299,0.005952717308999032,3.43791727044944e-06,0.9881987435589897,0.005845101214740927
300,0.025558272771060042,0.9737637642552912,0.0005961889245531488,8.177404909569795e-05
301,1.1345233236264567e-07,7.141857256866746e-08,0.9999839571268574,1.585800223776833e-05
302,0.020088453920902263,0.00036465411841359453,0.9621764063616045,0.01737048559907956
303,0.006032553093269216,0.0006478255196338508,0.962415618325154,0.030904003061942957
304,0.013138033620081584,7.146613445327571e-05,0.9784137190453331,0.008376781200132024
305,0.22373870252235661,0.5488709816093595,0.1830778065743388,0.04431250929394473
306,0.0005127323603361959,0.000233892873384169,0.026182267409063525,0.973071107357216
307,0.005426909824612272,5.906475336876441e-05,0.003274831879339959,0.9912391935426791
308,0.08129328253503815,0.902867391407237,0.0016352625751144695,0.014204063482610316
309,0.10279443293168278,0.02728842538736939,0.7523650706316298,0.11755207104931768
310,0.009891198368943388,0.0011420529317348828,0.06397640712975255,0.9249903415695692
311,0.024680610186425048,0.9742890949421189,0.0007643060298255555,0.00026598884163050264
312,0.3287926027165796,0.10705115945215805,0.05711931722507633,0.507036920606186
313,0.08241497987582544,0.0007633632929494764,0.8359650752625839,0.08085658156864099
314,0.022881855437697326,0.009691363722649643,0.9226896864151002,0.04473709442455303
315,0.9997696848267211,0.00010462351490278698,5.311424284150417e-05,7.257741553450042e-05
316,0.681725038096588,0.010848628080604009,0.1701525450288823,0.13727378879392566
317,0.0010576988845570733,5.2397077508436545e-05,0.012683249351151943,0.9862066546867825
318,0.019503505876005175,0.9802925184544546,7.521027788436811e-05,0.00012876539165581334
319,0.059173789584855065,0.00011689054352999522,0.8347807372282952,0.10592858264332
320,0.00971287380219092,0.001879621751672813,0.9823174159301519,0.006090088515984545
321,0.9997751338404095,3.819638626543241e-05,0.00013314240967209455,5.3527363653155987e-05
322,0.018332514221677962,0.9802470521887257,0.00015560474144938688,0.001264828848146927
323,0.015165053559158344,0.0004296688557270628,0.3297013705640149,0.6547039070211
324,0.017599466543340412,0.9785832780633617,0.001730230371930927,0.002087025021367156
325,0.0008221498660908796,0.0006684250085510605,0.03557069358027954,0.9629387315450784
326,0.9788086177616363,0.0038598864712663015,0.0009817288264320188,0.016349766940665644
327,0.3405190448992073,0.026236340476139243,0.5704057425452186,0.06283887207943469
328,0.012835194596620868,0.0022018808129280094,0.041475738159248855,0.9434871864312028
329,0.0010942029150957213,0.00013595211031525303,0.8337145115889808,0.1650553333856082
330,0.3235413974736599,0.00491749765989846,0.02806408314382064,0.6434770217226213
331,0.03366855521771907,0.9644312294616461,0.001563051288511091,0.00033716403212376777
332,0.9999803393354217,5.135778779001056e-06,2.9384943186751787e-06,1.1586391480351715e-05
333,0.9981354757785988,0.00016717339130653468,0.0013653024705176898,0.00033204835957676993
334,0.044016134844426874,0.9557570701303736,0.0001487785366348174,7.801648856481724e-05
335,0.9938061940117562,0.001057565012043824,3.175756634749473e-05,0.005104483409852693
336,0.6092284970495655,0.002618441283913585,0.38626809799394707,0.0018849636725739919
337,0.009425926512790372,0.004653747338826608,0.9811531051239114,0.004767221024471402
338,8.399474279513368e-07,0.9999979449311466,4.819640311821419e-07,7.331573942893456e-07
339,0.0038114239399481904,0.993962347679108,0.00012919049777804334,0.0020970378831656916
340,0.010002428261315997,0.019004711052831587,0.09512874681394745,0.8758641138719047
341,0.03751190132438263,0.9605243105821688,0.0011336064651517707,0.0008301816282969613
342,0.9998387209452584,5.815326973666112e-06,4.76853838142037e-05,0.00010777834395373412
343,0.0030720816151510364,0.995546048852306,0.0007348594334081525,0.000647010099134825
344,0.45477287493962976,0.003594262565523009,0.1269654552836026,0.41466740721124495
345,0.0070975952532833135,0.00015528695466822582,0.1059699685092398,0.8867771492828085
346,0.0005805884804310956,1.973520572564236e-05,0.9409137710491033,0.05848590526473979
347,0.1742731750853265,0.6770377963914885,0.06191227892264704,0.08677674960053752
348,0.0026410285789665077,0.9971170204080478,4.849789197789804e-05,0.0001934531210074922
349,0.01605273705898945,0.0003016902014008256,0.9229510447829085,0.06069452795670115
350,0.032315543562532315,0.9663352328050216,0.0004805436945504566,0.0008686799378954483
351,0.9754340347706902,0.002773049235400974,0.019328270553022348,0.0024646454408864425
352,0.9943161820897953,0.004981019438770721,0.00037145876037536003,0.00033133971105872085
353,0.0064088174037036545,0.9923426002588709,0.00019394893942410325,0.001054633398001319
354,0.9981194497380549,3.412354968145968e-05,0.0011539567803061064,0.0006924699319575517
355,0.056628146715742775,0.9296598486775937,0.004031877039957065,0.009680127566706529
356,0.0025717465605823837,0.9969501074486536,0.0003441192106283307,0.00013402678013553487
357,0.10337389418355274,0.0027985850591529023,0.7116406594123311,0.18218686134496315
358,2.762320826005495e-07,0.9999684283097969,1.2573298993375294e-05,1.872215912705637e-05
359,0.0029480670101280685,0.9967533396245029,0.00021760099855827643,8.099236681066264e-05
360,0.05121202287143566,0.9327206564471135,0.008738311794393447,0.007329008887057205
361,0.9996101147217843,2.9741448258073235e-06,0.00013045754124566211,0.00025645359214416017
362,0.008964883998765629,0.00038116239700381854,0.9816907279414934,0.008963225662737237
363,0.1109062289391404,0.026435859694547266,0.8086330978996206,0.05402481346669169
364,0.9997384840889236,9.043082837212041e-05,2.9761466930597823e-05,0.00014132361577356465
365,0.019001246964539115,0.9564053842129996,0.0043491429488459,0.02024422587361532
366,0.008057910695414843,0.9916047890071643,0.0002247768311837094,0.00011252346623705735
367,0.03413220730552155,0.0039035265807120037,0.9375981395288269,0.024366126584939616
368,0.9999587658114127,1.113012496923943e-05,4.575715035391957e-06,2.5528348582636928e-05
369,0.9151450559172785,0.067163039142142,0.007349184993806465,0.010342719946772761
370,0.00914442934327965,0.9877892429175918,0.0005101719100417784,0.0025561558290868105
371,0.9967413974251433,5.05219698516875e-06,7.039344861411664e-05,0.0031831569292574643
372,0.9697837042014416,0.00674486959814947,0.010031634957782412,0.013439791242626327
373,0.009009284081431876,0.9861028423673904,0.003777842196435939,0.0011100313547419579
374,0.2116601567825145,0.7573549866425117,0.022626668095466127,0.00835818847950778
375,0.5333348770342281,0.0007070235118917176,0.011204075236722684,0.45475402421715744
376,0.07106610050422821,0.8929398021688654,0.015336698997706915,0.02065739832919978
377,6.772799928182401e-07,0.9999954141615548,9.510335515619689e-07,2.9575249006020284e-06
378,0.44804166523503614,0.0009177328402836813,0.529742157217127,0.02129844470755362
379,0.6804317659167147,0.19742204210024425,0.10122739996732001,0.020918792015720937
380,0.07539243225671041,0.9221332365304447,0.00021652000571992014,0.0022578112071249246
381,0.06038511774891201,0.9369353913959239,0.0001479638467943328,0.0025315270083698257
382,0.01478363885800649,0.00869057339443013,0.04843411659734395,0.9280916711502197
383,0.0043845217788080326,0.9955810911074414,1.4911501660890119e-05,1.9475612089676293e-05
384,0.11608890141273125,0.008239579904523734,0.8137791543869736,0.06189236429577144
385,0.126842283169222,0.8724687294820815,0.0003218350016655089,0.0003671523470309891
386,0.005939204965143595,0.9927998826854033,0.0009055990246154936,0.0003553133248379411
387,0.005807226346539428,0.9930422332058472,5.059639351324033e-05,0.0010999440541002397
388,0.9996495680885017,0.00011628427386000401,0.00015285257353747395,8.12950641009853e-05
389,0.9840479161556709,0.00039485112955531406,0.014147017965668612,0.00141021474910489
390,0.93128530401239,0.0009687765502891773,0.04215619469622424,0.025589724741096817
391,0.0025174045498328906,0.9970293339939438,0.0002288725895289876,0.00022438886669435193
392,0.9995792237607874,4.927110570013347e-05,0.00012554337999302393,0.00024596175351956245
393,0.9962040226348612,9.764101698210323e-05,0.001619861517156782,0.002078474830999794
394,0.9960223596521747,0.00019711659917665263,0.0007184360054716393,0.0030620877431771078
395,0.006387903657429057,0.9924363939468452,0.00042365329932578114,0.0007520490964000738
396,0.0036753678815022715,0.9949667658837672,0.0008483615329343163,0.0005095047017962769
397,0.004878475525393694,0.008265153069068413,0.09259806858589716,0.894258302819641
398,0.004460769436834732,0.9955174757738148,1.077975325681481e-06,2.0676814024716157e-05
399,0.004327405683186507,0.000122131580372302,0.737577460723547,0.2579730020128938
400,0.06161543420482434,0.021167629767523396,0.3898595065878357,0.5273574294398164
401,0.007609243431405378,0.9890514467254575,0.0030650863455447663,0.0002742234975922516
402,0.9890310526102439,0.003663928899938354,0.002710243015756396,0.004594775474061146
403,0.9999725517521498,1.481410430648867e-07,1.627563992982744e-05,1.1024466877129545e-05
404,0.93114002978725,0.001889265885148789,0.012042167336826991,0.0549285369907741
405,0.058294893486382726,0.006929819923455898,0.9197989109416539,0.01497637564850788
406,0.019662029958219564,0.0012286278295848357,0.9608178739601597,0.01829146825203572
407,5.836442488599332e-05,4.041084073426391e-05,0.9961276175029528,0.003773607231427043
408,0.6505535686898464,0.007383304462436259,0.20512962081393427,0.13693350603378313
409,0.11778710081921309,0.8073317937009722,0.032939596573649255,0.0419415089061653
410,0.455273892183998,0.007833085758644566,0.17459191073018487,0.36230111132717246
411,0.01834307505791649,0.9544175201993759,0.011525002672234054,0.0157144020704735
412,0.9993737147270395,2.955554010218305e-05,9.48211571747091e-05,0.0005019085756836581
413,0.9644502529154767,0.004676362995653561,0.025289872751525246,0.005583511337344197
414,0.9992978150763421,1.4340364163245637e-05,0.0005328864450770505,0.0001549581144178366
415,0.19314550083663362,0.29989238180144373,0.08307001835872298,0.4238920990031997
416,0.03169538264981359,0.9629333293486234,0.0019727154186357865,0.00339857258292733
417,0.005366319006472099,3.287900782742497e-05,0.988521824868999,0.006078977116701446
418,0.0041144663205665,0.001719669248488683,0.9136946471109241,0.08047121732002045
419,0.9932806482958154,5.679223649428097e-05,0.0013699312146318555,0.005292628253058559
420,0.601164229396779,0.11932581283463412,0.1680350068599811,0.11147495090860562
421,0.010137325328382466,0.989322669593957,0.00035929991673136903,0.00018070516092885634
422,0.0024596287527084352,1.0403575506665937e-05,0.9932357599655227,0.004294207706262126
423,0.0008406444157937116,3.316482907442033e-05,0.004830040129090394,0.9942961506260416
424,0.005539317072067483,9.568973872865602e-05,0.0034105240442341167,0.99095446914497
425,0.9707283195854254,0.0002508616616870309,0.02110855037037754,0.00791226838250997
426,6.627650618103562e-07,3.718551005190806e-07,0.9999627808076087,3.61845722289867e-05
427,0.005804710623302784,0.00024552697096376103,0.9815442934820545,0.012405468923679084
428,0.00048240525713209663,1.5111192696110734e-05,0.002522065695512526,0.9969804178546592
429,0.09398185049269966,0.012954150723205349,0.10959098535591859,0.7834730134281765
430,0.9899556697602747,0.0009850321315917543,0.005457126282935336,0.0036021718251980756
431,0.017038152782033706,0.9801155842817398,0.0019237242592716223,0.0009225386769548783
432,0.011006562166488916,0.9794141704467246,0.007191426386339589,0.0023878410004466127
433,0.0028515901142065767,1.7679533389219834e-05,0.9759183151185996,0.02121241523380463
434,0.04672409869508153,0.020442910483725825,0.6504614550200741,0.2823715358011187
435,0.04107618649996943,0.005024579768448868,0.11079631187225425,0.8431029218593271
436,0.14249731621441916,0.003939740984582124,0.6984859830566316,0.15507695974436692
437,0.19627636822861522,0.07306555937727603,0.47396398885437424,0.25669408353973455
438,0.007128671601948615,0.0007727243844987062,0.08025061307484124,0.9118479909387113
439,0.007041872550434328,0.000914097743462236,0.09656773722928076,0.8954762924768224
440,0.06507894638802407,0.018972660916219266,0.2028385578186941,0.7131098348770626
441,0.09545697792438185,0.00016098680154702911,0.05174883770970821,0.8526331975643628
442,0.9774464203308217,0.014146303686394659,0.001675644627417939,0.006731631355365694
443,0.09947051526559017,0.00040044047633411024,0.889513590099019,0.010615454159056702
444,0.9619186820583734,8.8533707072893e-05,0.023225484887130932,0.014767299347422845
445,0.1787452916043938,0.007582473158170968,0.11859462076970967,0.6950776144677255
446,0.02728953268587673,0.001123160318064933,0.2157447379030027,0.7558425690930559
447,0.0034603403406929397,5.2059310219097214e-05,0.023839904130224937,0.9726476962188629
448,0.32865196422462123,0.002710506813250251,0.6290701490056159,0.039567379956512626
449,0.13227770327307423,0.0006336894669490607,0.5936197191959331,0.2734688880640438
450,0.5516101363272551,0.43418817167868745,0.0062412910748980005,0.007960400919159422
451,0.9714084249003255,0.00011736299349201025,0.01195482103428131,0.01651939107190122
452,1.472605895840272e-06,6.420527887636013e-07,0.9997399368551555,0.00025794848615989693
453,0.015106610294890275,0.002154143096492216,0.1938723632270666,0.788866883381551
454,0.0001010379037690225,2.7281421192541712e-05,0.0073998522253271685,0.9924718284497112
455,0.00632786456282148,0.9926509875847985,0.0004188079720071561,0.000602339880372944
456,0.21907950891325786,0.0018300748425287656,0.7369646297189234,0.042125786525290095
457,0.0007607318945724924,0.00015335606443494005,0.01770063330707121,0.9813852787339212
458,1.9432837544793178e-07,0.9999984409272066,5.521712368735906e-07,8.125731810988376e-07
459,0.19003107824035162,0.0002379955092484178,0.7964263743679231,0.01330455188247705
460,0.002372406583334779,0.9973645218690667,0.00018375542715358309,7.931612044510078e-05
461,9.615811092830164e-08,0.9999614997683419,2.4434288558254253e-05,1.39697849890324e-05
